13,14c13,14
< 5 4 2 11
< 19 1 1 21
---
> 9 2 0 11
> 21 0 0 21
19c19
< 5 4 1 10
---
> 7 3 0 10
22c22
< 13 8 1 22
---
> 15 7 0 22
27c27
< 10 2 2 14
---
> 14 0 0 14
47c47
< 8 4 3 15
---
> 12 2 1 15
53c53
< 3 2 5 10
---
> 7 0 3 10
57c57
< 10 8 1 19
---
> 12 7 0 19
60,61c60,61
< 6 1 3 10
< 10 4 1 15
---
> 8 0 2 10
> 12 3 0 15
63c63
< 9 1 5 15
---
> 11 0 4 15
66,67c66,67
< 7 1 4 12
< 13 2 3 18
---
> 9 0 3 12
> 17 0 1 18
74c74
< 4 4 2 10
---
> 8 2 0 10
90c90
< 4 2 3 9
---
> 6 1 2 9
100c100
< 3 1 4 8
---
> 5 0 3 8
108,109c108,109
< 3 3 2 8
< 5 1 1 7
---
> 5 2 1 8
> 7 0 0 7
115c115
< 6 2 2 10
---
> 10 0 0 10
117c117
< 2 2 1 5
---
> 4 1 0 5
119,120c119,120
< 3 3 2 8
< 12 3 2 17
---
> 7 1 0 8
> 14 2 1 17
130,131c130,131
< 16 1 1 18
< 12 4 2 18
---
> 18 0 0 18
> 16 2 0 18
143c143
< 7 1 2 10
---
> 9 0 1 10
