11 0 2 13
10 6 0 16
6 0 0 6
8 0 1 9
3 1 4 8
4 0 1 5
4 0 1 5
12 0 6 18
5 0 2 7
7 5 1 13
11 3 1 15
5 1 1 7
5 4 2 11
19 1 1 21
8 0 3 11
0 0 2 2
11 2 1 14
9 1 2 12
5 4 1 10
17 0 2 19
5 3 0 8
13 8 1 22
6 7 0 13
2 6 0 8
2 16 0 18
1 4 0 5
10 2 2 14
4 4 0 8
8 3 0 11
12 3 0 15
2 13 0 15
10 3 0 13
7 13 0 20
3 2 0 5
2 6 0 8
10 10 0 20
5 6 0 11
9 0 1 10
10 9 0 19
8 7 0 15
6 14 0 20
4 9 0 13
9 5 0 14
7 1 2 10
6 7 1 14
6 7 0 13
8 4 3 15
4 0 3 7
14 0 5 19
2 0 2 4
6 3 0 9
12 1 1 14
3 2 5 10
5 6 3 14
3 10 0 13
6 9 0 15
10 8 1 19
4 7 0 11
1 1 1 3
6 1 3 10
10 4 1 15
2 0 0 2
9 1 5 15
3 0 2 5
5 3 4 12
7 1 4 12
13 2 3 18
5 0 1 6
13 0 5 18
2 1 2 5
10 6 1 17
3 0 3 6
2 0 2 4
4 4 2 10
12 0 1 13
2 0 3 5
3 0 2 5
6 0 4 10
3 0 4 7
8 0 2 10
11 0 6 17
8 1 1 10
4 11 1 16
4 0 3 7
7 3 1 11
6 4 2 12
7 0 4 11
7 2 1 10
13 0 7 20
4 2 3 9
4 0 3 7
4 0 4 8
6 1 3 10
10 3 0 13
6 0 4 10
5 1 2 8
14 6 1 21
6 1 2 9
3 1 3 7
3 1 4 8
4 0 4 8
10 0 0 10
11 0 5 16
10 0 0 10
10 3 0 13
7 0 3 10
8 0 4 12
3 3 2 8
5 1 1 7
6 1 5 12
0 0 2 2
1 0 3 4
11 0 2 13
6 0 3 9
6 2 2 10
7 2 0 9
2 2 1 5
10 0 2 12
3 3 2 8
12 3 2 17
3 0 3 6
11 4 4 19
8 1 0 9
4 0 2 6
10 5 0 15
4 2 0 6
13 1 0 14
10 4 0 14
14 2 0 16
16 1 1 18
12 4 2 18
22 0 9 31
8 3 2 13
10 1 0 11
6 1 2 9
14 3 1 18
13 0 8 21
13 4 2 19
15 6 0 21
5 5 0 10
14 4 0 18
7 1 4 12
7 1 2 10
6 3 1 10
3 21 0 24
12 6 0 18
11 8 0 19
13 7 0 20
10 15 0 25
3 13 0 16
2 5 0 7
2 8 0 10
7 9 0 16
2 2 0 4
8 6 0 14
8 0 1 9
5 15 0 20
8 8 0 16
2 4 0 6
3 12 0 15
10 7 0 17
1 18 0 19
1 20 0 21
11 11 0 22
8 6 0 14
7 5 0 12
